328633
270249
1069016
318266
626909
28294
1149808
672177
738730
1159865
1218623
84622
411987
1087560
952040
417627
992528
652611
166603
81603
768012
1115994
966582
512298
605634
879191
215787
558871
627528
941309
847686
185311
193547
1083448
1040837
136362
517422
427195
1112663
861297
919854
235440
546097
280460
109106
1068399
1019834
822043
325687
5570
416776
1116287
1002855
311685
358363
924780
879786
195362
371626
138021
300309
997645
641506
776848
838713
520550
603939
308663
139266
795970
203367
790591
1042253
315459
1201622
130143
979039
915853
1127740
349226
932733
853364
96718
887144
759806
693164
809500
268630
575278
668868
676413
924928
227211
170787
9436
994472
1187809
221359
273820
116276
136506
758676
207555
243802
173505
565781
696231
713356
752442
620880
52219
362584
1160233
943194
1024280
541065
937703
981293
568009
67184
119258
409149
154012
53051
299275
561765
1063537
1104636
318621
547243
195600
429976
547565
782085
254018
379517
1125
446488
462271
516774
673641
542380
150283
480411
647868
403875
156016
816835
725211
190680
753837
811449
218963
995505
289496
222104
777680
762734
1093934
912704
626448
955622
144215
770153
445678
180513
329884
897442
294353
629786
981750
886288
796673
171550
508134
1160255
172424
79961
650268
216369
982620
371918
866867
310242
730364
754720
1078095
604927
1007693
12503
601578
776162
1115359
735619
145502
853699
751633
790636
586839
1221896
32705
309791
484335
611708
359593
834188
740415
840324
577005
552337
722533
922263
1132244
646436
533751
850030
228990
1199913
1024030
97715
940888
500908
1038446
865836
560238
81489
729990
924923
363086
1050101
848660
494903
1037126
146285
1186710
872596
1225680
699313
166174
732460
1058922
505726
584895
101623
583801
825186
924687
720401
1013566
859800
1183602
192394
371394
900453
576886
501769
215006
502248
846734
567413
1185496
1113183
1195299
172696
1080903
1005133
1045608
699932
4429
898536
651712
797201
330575
778856
934696
790954
523455
496164
210305
222763
502140
187118
892458
611948
801224
666436
434929
1125828
909275
916569
1173476
437474
1140533
1150118
683849
661019
632502
506691
329608
618324
768447
944837
55998
346099
42735
549749
284393
681712
545424
340895
1133187
844034
1034876
288348
533787
972068
634486
852350
933403
779886
805755
1003491
401994
992060
1079247
401368
464217
812380
792748
722921
531400
234628
60814
531245
232300
393693
521963
751728
727698
834461
1071518
553887
608586
113441
559007
392096
865381
973671
1029762
951245
232743
425443
1109720
276742
953480
250792
277335
41695
955623
84545
1161730
295207
390213
799805
55039
306347
552118
628829
213782
72868
752380
1162806
183606
61011
493157
1078214
1135214
133337
246589
757342
869405
311165
53972
999305
4969
612387
1208390
309125
649645
1080313
520128
1123983
1030199
798001
933307
960808
342164
760760
274628
1162461
51579
435766
45731
402206
408095
411095
297103
606502
100546
194959
995850
108124
1219380
155401
429335
768597
859492
436366
690650
1016661
784211
248827
918925
47068
1180472
306434
14274
89001
66515
847828
427366
1220356
979507
258672
969870
533805
460848
986008
1040145
747581
201970
25151
953360
257660
977913
54871
1215527
1215704
59179
29647
1158975
899249
658372
1051457
533318
83444
314528
90836
231419
666538
66696
409192
113798
816929
205844
808616
390414
108634
664037
58832
440693
350588
689254
395464
246814
153618
1176556
388926
275231
768222
662757
902964
818859
1096918
183151
760310
344139
691992
335703
423670
532066
1086200
1020990
194423
964952
822015
937477
1175659
906165
749229
1156903
1119845
820688
1159406
206405
1055775
464856
540532
140001
349538
1226996
807544
712449
338608
209018
170411
1005887
1071588
389222
494447
415912
255474
517553
908651
717908
1161265
61449
390030
350762
1183628
869889
1084561
500716
1080068
321257
134052
112669
1154252
817431
1188826
375327
1111879
436183
4571
1026281
273916
376101
1214153
704697
572617
1011774
1050973
1175128
544163
209885
798358
428050
415348
685469
642220
915545
1198921
522695
522898
1187079
157829
1212743
882061
1098653
352790
864263
449222
351573
347864
845826
399400
269938
146940
552446
697430
275827
400137
1138007
173465
585984
144613
258778
802210
21373
456445
299680
145912
311983
117400
320865
37487
625198
286189
283154
532855
673430
417525
610146
952142
1203440
124953
283672
870267
548401
250693
1205904
374373
225640
1175883
1157779
548269
641747
1159707
1053535
820518
360723
831500
957930
1194383
332917
233236
1117685
210844
763186
817644
733581
356678
781858
87298
945072
888360
1207684
462088
1061530
1156297
430952
772033
1063593
1015985
1002477
178994
844812
208645
715734
356759
1100571
446482
715362
448721
782851
636122
349662
513102
1135105
105011
1132747
554442
646719
1121014
978834
651431
951105
1142185
700236
979587
1163760
333734
651489
1129145
776051
177911
1038137
523472
942687
328577
1117162
574383
641737
1183663
87149
65894
750274
1098210
164084
808239
158892
778251
355856
537899
1209310
231592
463720
1163764
272539
263795
806072
83531
732466
1049158
297503
1134957
715500
1032378
1036261
895647
595298
311036
50239
1004627
887982
640057
268278
587106
495986
135324
41144
309818
781461
301001
269377
476698
644342
583253
206736
241677
750359
677285
119902
656934
746297
44121
639562
1007743
595191
211965
826998
61632
1156265
44751
271843
1023456
519733
914437
283019
1052958
191429
1177858
850918
415507
782138
453375
364571
747281
1199804
346945
853449
808447
305013
89385
163181
814906
175035
1057291
722619
244650
316520
374807
1003250
972793
872361
968179
345712
730188
818366
1229138
37276
1115239
342516
1004729
383493
582874
1215331
442568
316742
464630
969729
959932
977765
1185420
1111717
565900
620965
380709
1102485
511456
47987
1208385
948044
592536
302457
152691
704799
12020
1001273
1197976
21171
377907
793384
223964
1109710
809104
272949
80757
1105537
1098258
726761
839326
897971
1049052
751710
77737
581319
1052201
170286
224677
1137156
790650
688015
1101962
1121111
639000
1066498
584457
197449
156974
1194747
352544
88852
1230852
923626
943009
185648
678374
97683
109201
620345
210601
845017
1210140
934605
547729
156793
420527
961238
445494
546599
1074469
74622
173925
123924
1088532
144913
491153
337885
322107
1059231
324642
1111139
283947
1040555
409066
1017108
1142572
395297
1076016
6833
657046
582057
1154019
871567
679366
746411
626424
906932
319719
681181
366176
719258
659768
759825
215789
872657
396806
1078248
1200584
83690
89217
295163
850069
385356
941913
330018
88460
87122
818538
210343
192629
215247
994596
365391
1079497
730886
666829
443672
296931
1168239
1050782
494960
1147586
315136
629014
1075435
220111
15366
1129175
652624
17685
929715
18172
654498
570027
425913
1190940
529335
291384
385151
1121436
6742
372570
843083
952202
943962
2887
275282
874090
105853
764075
308839
664563
276168
599457
151218
465059
1197253
129196
727836
898588
624381
850402
1076315
178056
1171391
744395
617957
689412
147769
544658
154809
205104
614520
239427
815303
513500
212678
354223
465398
910797
1229345
732558
155870
64656
9595
200714
201136
489920
1001825
463393
593138
783355
751067
256067
507637
805179
44632
1065063
268036
839894
741110
29274
468190
260045
1486
615733
297887
926771
963475
1225792
235602
158958
955804
201310
400655
283700
1110257
931571
1221160
528786
869063
76480
336603
1139550
645178
721917
522284
475519
1108576
17057
920782
416020
591133
173348
1013465
84179
978042
280811
992382
1181201
1006743
424607
896318
1072751
600829
197159
220634
551554
686957
886131
210716
551551
15753
7220
805595
203194
500107
506855
592639
971518
455004
718762
924452
1191098
518478
428751
805024
1128631
719937
810131
1013895
936666
279760
529543
793502
32250
952354
363996
407974
542528
325017
660837
377470
266234
735435
911702
360907
1180236
905977
795106
719721
67266
969773
531639
415575
1011068
299778
623276
856063
415781
696986
5120
147077
546661
1112883
794448
812759
353945
925009
356171
99282
722803
364904
609821
827908
265433
769774
1027577
201537
855682
980363
901287
761477
1226830
1049251
672048
931401
29352
1146964
1178753
542009
961731
63751
21944
818153
199740
303037
1152601
512310
1160138
1049779
276337
403295
824313
135372
733269
915629
336248
774489
355415
5533
173992
848599
964236
609887
64748
166434
51494
102032
1130227
542937
458725
999216
567383
889990
856288
720626
74108
1099678
206516
647889
933907
424633
580428
792601
988684
654494
434656
191585
927952
237192
265906
761621
667421
1107225
1085384
32961
1038768
324876
400548
36688
819468
1059806
757344
447660
588518
89974
263049
322901
606213
1182708
423335
1129184
280939
470269
415292
33282
673414
57559
31882
914003
265277
484487
626745
564825
844184
559806
653723
577122
658892
1031701
638101
257479
551198
324091
158878
207147
644935
583241
128290
699359
775714
240667
62550
538867
938601
480004
248278
429901
832505
329171
54062
1092211
901569
629221
1135494
475663
484645
442719
2306
1158187
14123
84996
130016
460905
809845
23911
421388
877493
1008256
83155
791191
1135423
496790
376653
224627
462084
345014
462342
862600
583603
318948
824374
719118
502244
181959
146486
237492
120815
1195954
360161
647592
1033674
613519
727524
925405
625844
1191712
364763
223789
554280
273828
105047
1194359
964678
188203
631563
530792
641334
219698
200368
971014
978946
560848
1010714
234594
1135063
249006
306356
234924
1178596
302304
593383
771639
1096911
1094164
136015
87868
682945
66763
685077
22931
949085
957136
111428
120229
188225
839481
827535
1087556
853162
926987
1228544
949052
54927
48346
796748
499494
758864
588637
948995
23493
517285
902584
714458
1142450
117445
78589
1085572
1122934
1055785
950729
627778
876636
315915
1025031
979981
1182356
617998
1069317
131220
595848
614038
590548
1008542
633700
809895
813416
1065785
686465
1024208
391306
929710
460724
1023797
755732
462142
487476
531071
1183708
51246
507023
1215884
214785
17118
809580
10972
885155
303244
720835
1036580
1018478
1057066
31879
849571
835315
721760
174308
111827
36731
1153246
1140644
1169879
860333
444012
639458
330057
1187636
1212576
1047539
957532
922473
694616
885494
102477
500361
891432
628807
451625
646601
1220494
654720
836707
332517
1015621
193098
1156369
348087
902706
600888
452923
817495
1003625
1042333
608621
698095
415230
1194633
212525
860106
32520
855751
329415
375631
1027572
831780
244785
1011534
641269
679088
823399
176219
309223
513542
207736
570223
324926
273728
270241
35237
1211819
1163214
416433
21338
355947
61990
1103682
564375
455901
876875
144560
3023
152377
958300
948147
654729
549963
469360
397304
841698
1197691
450961
620490
374528
1066803
416956
1062719
801540
146056
643894
588941
445573
1204014
906481
725068
38143
702975
30136
929814
143887
440295
35423
198638
247510
435079
1017896
1084521
796403
509229
299848
945559
403795
779
162830
930273
1227758
1167019
960567
154448
328564
19444
232275
1203353
188438
1228555
353379
48606
577497
722856
722020
833988
412024
234012
239868
59938
156199
684391
913268
520897
164040
1040185
541390
1174474
1216675
170942
802902
725401
278456
207243
626155
765506
577077
876264
346210
266172
585569
76222
143790
756346
46835
619486
1088816
419222
807488
1152785
13378
852792
980729
159694
422108
1101909
880151
550426
1101121
1216451
132011
824546
65379
398918
1135055
59763
1032229
168633
392065
490304
357116
291433
515253
99545
380252
816349
1180625
890677
1156555
619792
341089
954895
1204774
1141253
414102
952750
1125937
605335
888935
551856
571001
1021622
628193
613924
963436
324233
486481
975121
795460
1065929
282046
1072275
1184185
908375
275664
422356
1017103
963762
505084
535425
1031972
1066780
803038
963718
7981
1047518
343553
646233
1003470
547052
1229661
58837
1135100
921402
1117448
786409
297105
854144
928276
393847
1165225
882868
422193
470848
599262
1071323
221035
483484
639830
1220504
1186825
73121
367301
742
1016074
857885
946157
1122380
91439
880379
215410
1167120
475102
215280
741136
821278
621830
364965
623797
372934
357837
1137911
924830
77090
631855
786563
804340
317413
373401
682513
401316
194662
694122
1065267
901253
1045262
372766
1106252
312213
1147985
57342
1211197
1205655
1069591
136208
664149
661853
1176683
678893
146438
1051566
1168361
851381
331117
823816
337605
866181
43257
877076
65515
424132
1223165
496830
1005438
37332
547254
1050077
827707
120946
85545
383784
302886
351392
7885
126430
557483
465208
243660
359561
1062358
1209209
154762
487291
1003121
22066
981362
502188
560359
690906
388655
1165415
256236
766438
1215111
546641
830344
980663
992233
969832
537354
286202
833458
125161
650438
385755
228233
106513
931496
975536
126018
41702
160254
585275
401090
896304
237428
639393
1187697
416696
895233
551047
64334
644140
446032
524253
551518
589802
222210
1187518
511121
316380
626410
861036
261417
84379
794431
470217
1122112
1044333
1177329
1066609
1111265
419244
785129
796772
18552
755819
428853
576093
954662
229716
1177816
464476
925629
1083703
243860
900048
1216780
183113
92270
314155
295482
75256
1153223
369440
445939
732776
743365
1203583
1034558
1199591
207578
1165916
237098
1185064
701308
673856
510513
118000
118883
839342
260836
350554
837457
390000
459905
436225
806467
214620
231084
476758
1051549
60507
536555
729140
38766
845789
905984
128775
787757
446754
946569
172727
383981
818855
817384
1042208
870239
1212497
813067
245980
50224
431160
1136200
647576
111649
874878
47149
804256
514387
910607
812371
769679
1139733
770851
26319
820906
809921
606481
636575
61349
469145
503104
1046468
676613
407704
357914
297710
834140
124103
894590
786789
116527
167658
1110393
1147773
754861
593141
925273
327253
742697
80665
15140
1065854
1190720
240113
422267
1140635
1180149
396676
66941
585128
116699
153110
812690
117923
95045
860260
938180
37480
484962
608577
150306
650306
873309
866943
811424
1032420
168063
903990
325514
381729
1069191
799212
193110
808344
300090
58950
947211
833944
921117
604111
414966
217038
336629
342376
7489
1023463
688749
568809
888826
443970
1106184
133749
51965
765889
357518
800794
658890
1040819
76403
960175
664962
641915
981063
645021
1111251
1121234
901553
862235
1061565
903241
11477
1193562
970997
917871
771212
1216558
255611
58131
401768
323405
718458
671894
918936
689
1074645
986400
232633
479452
585876
522573
434442
12968
1179793
1058548
419406
319688
821177
831976
899177
36495
450465
1052688
920755
682664
346122
949996
1037598
651352
1075806
1208985
377336
600579
652429
155287
956550
303583
199095
1117242
34276
135172
944628
672307
752947
290203
164288
10886
118718
143177
145011
336123
215266
787352
1210963
846311
636316
911278
12659
692554
1177947
1051844
94572
723430
1059769
1131286
629598
228032
710236
1047598
1093854
482768
540708
1069404
696944
584082
1221193
254002
982381
770268
973659
696059
435013
833259
1178263
1101695
792296
492294
774639
1189725
362545
217580
840307
476172
988964
174801
1004798
920722
324555
1134528
1089155
839019
1202976
324537
525048
241572
1091517
809550
1163513
1213483
603979
547422
639807
27836
808348
391963
1164169
306558
422755
1087583
1083029
798511
76030
863684
307980
939187
145610
1184713
1093379
773679
918860
620906
862648
134505
831590
719294
589460
899728
1086060
1001359
270980
969097
441253
878521
106262
25444
109475
337784
203468
719745
121744
339098
486359
592857
815406
689732
457307
356661
881341
32189
14520
150186
285160
960517
869266
683137
1134775
818074
46973
275510
1023749
574727
491677
1077684
68169
355745
910073
642608
254564
674598
1178787
1119031
58247
38011
274832
903241
177339
39537
700962
768754
795974
150153
15389
184104
1091562
1101669
407720
87625
724624
454419
977462
83835
834686
965128
495412
344109
359285
833568
1164289
526762
531520
63758
164523
929483
671243
935752
977206
124711
15058
350076
904751
109950
460896
1169509
301687
397445
839599
834228
194420
321766
1169835
577302
996914
507129
1080141
500553
253334
1131763
78283
975756
102546
663184
855710
537195
1097166
393984
501543
836388
845552
709612
516090
1130974
347205
1171055
362067
1221548
1026259
55350
1129611
655554
1021915
511081
499183
906298
1080843
149051
138707
653791
760928
927004
376851
723397
839554
426533
98029
1079594
367067
1028319
870831
18778
68014
385301
363880
992456
363578
868778
1162201
150059
36327
964439
679724
353416
1118675
690063
1070588
1079117
876169
509108
359115
708942
250088
633534
112782
213740
581621
24731
1046098
907524
842239
1160565
831009
1161393
827406
1200621
513750
542672
22724
789537
1125367
1031896
146494
891651
721378
987200
67283
686137
395897
827508
1222380
1061952
166779
533304
743122
1185081
29796
633663
861346
930210
230644
1150979
266289
37185
368757
990584
929329
495213
1072699
405893
968196
444097
846720
921218
273518
690924
33852
234559
135
580766
570485
333621
653930
938957
1009861
1134246
572781
943477
548281
697139
389558
921061
270196
577720
385246
739512
831998
875737
1106850
1038760
606001
623976
821397
992905
945427
297094
62965
108187
829246
169225
721091
76237
489314
171561
742985
416862
575804
70878
420255
191467
344332
943612
1003267
1180521
630988
202515
142561
913870
594915
906278
937276
44202
12953
950369
665709
553819
293520
924472
189624
572247
123350
562250
978434
831646
638059
368299
610651
77195
1127052
115635
88153
24643
1104849
1155350
95793
4541
472006
780641
626182
969260
517525
850382
1139344
770781
1068776
4930
900545
497255
1082073
308355
818295
1160610
899696
225063
205762
247874
567650
931228
1158632
835182
1082517
627145
804769
797207
345520
131800
408442
1083485
821161
146160
1204686
618917
52978
262439
347135
167692
800329
700083
1108250
745168
100841
1044195
145160
759818
74162
883809
924844
527855
857297
523211
977375
422606
444417
397573
607851
181781
578969
163268
1051365
689485
882275
26583
486875
75543
203424
51483
564624
667230
1073115
101615
493311
365376
539591
1206141
13304
897029
1041879
158020
564986
727632
478143
39324
21334
903689
579805
1050867
964017
1091854
363787
32450
839058
100
522364
950905
422241
1216943
1023868
1165988
542136
846598
463681
43791
546602
1143159
36937
1064509
227960
503238
804101
1113358
1098936
208750
502296
878080
663771
205515
806100
716664
325201
551227
904621
632224
811292
653154
145351
977307
453510
637013
785613
103359
1184620
1043027
716048
546967
199085
355130
128868
177740
1188714
129245
168492
1001902
512512
128045
283415
74803
957618
768027
155610
811147
957937
657203
1106980
79463
775287
1089249
602876
1130703
456903
1224945
898831
512167
763242
986808
673401
1095944
698723
587560
311072
1023148
286328
159528
428278
903704
933529
479145
920085
493774
311979
678217
1045561
1083244
110578
646617
305994
504282
294951
516773
929487
335382
716122
436911
743090
589914
420926
658246
883079
852406
64260
546264
428544
560478
1201886
322533
796133
730984
90338
334571
537326
998056
707491
1215820
701877
155619
1093306
780041
475733
498919
764003
116323
740595
95086
86236
892670
250541
626567
751442
756595
1159089
595879
431540
1200215
849499
628868
139009
241451
905113
772307
944976
297725
1112525
918681
82247
1195021
81089
253644
840097
787352
966733
841565
209020
640772
403809
715215
209891
280029
280809
1223525
68290
160447
443610
300302
968493
641961
934016
109616
401576
960643
1134550
1174904
633559
1176264
1177625
157731
927693
53667
444190
335004
361988
35942
438881
314357
620726
884938
143247
814705
801524
525988
116924
992481
954494
1161467
547078
973284
872093
330183
256650
906258
117852
69936
200243
807892
826649
689928
281155
569364
63460
31960
750181
1084724
90672
1229763
833859
976453
689877
802015
803436
439611
569332
325837
34637
387272
508999
910387
272681
1227877
590999
678973
56585
883628
1139757
1076575
163081
1015742
253873
1198788
986811
644789
524023
651016
624827
247179
218186
672365
441095
461156
798375
1197808
841636
92137
768358
768525
195519
1084621
1159389
444821
562374
217236
176996
314009
561131
112567
717993
1098087
66491
456366
717036
947084
37765
851822
1145017
111690
700082
1111297
74318
899252
1084634
352300
1097510
697977
975266
472672
775515
543774
1217397
355214
720309
360220
142676
750492
331464
39436
520825
475676
800204
363534
572565
1096878
78317
758560
663580
1025628
878524
672620
646994
1026694
551926
104442
620709
647382
438279
92289
691088
1076248
86680
930106
723503
1220981
331450
533773
74506
132553
775379
903324
1074361
5363
328317
804654
926173
1150183
713485
750150
1213682
1147874
587862
813356
990684
837233
561961
1163690
745666
1150384
698516
464650
1001485
233029
390966
173199
250365
272573
207029
228395
665417
999968
682733
1169000
1033788
879133
663219
912605
1017240
965042
199550
134666
173594
201526
1118514
960107
1201280
669969
308544
10972
291015
294265
23939
415978
1080638
134657
720942
408601
898058
36181
1180900
868374
929712
259688
418791
307459
748356
710245
1175835
192172
754912
139459
674103
1114986
39698
271506
600331
508639
95024
114350
460770
339881
508144
1117363
176708
646027
670214
1018494
3666
998851
943667
979424
224076
677124
872826
1014114
204594
1013637
1203959
1071844
573631
1000672
69527
909112
204874
501105
842323
115165
860841
205042
324298
435700
1093055
270771
388894
568718
958956
1209193
1187049
260705
1104342
612470
386204
232678
1057349
971685
862809
134395
1221904
741199
737409
951532
41508
302497
685885
732588
714113
1187747
1222310
216322
599148
827964
239444
626171
73432
949383
1152662
957685
364521
583175
516275
653177
279350
1008095
70974
502317
330503
299189
844788
1137974
477876
838082
1222809
162947
812508
814864
651635
919563
861766
436653
928780
458804
378591
679597
971676
397856
429289
1003210
333015
49508
31414
929786
816773
993838
66872
755967
817678
85327
206968
1199061
280748
814417
605464
491021
839461
1225141
1100223
1139945
20465
588469
1190375
1197830
889974
426738
731699
913508
49279
369035
557632
293323
1179223
156451
1136008
82506
45063
1212419
347470
668627
194712
248547
533405
774244
1199958
418487
297900
846867
1032919
1011716
1021605
499122
724865
57219
557517
929982
133335
220509
975836
756301
364923
94385
507164
50421
237977
530757
603863
128654
310826
88412
125399
1169101
141230
93540
78605
446729
535534
671015
551141
877272
883625
1006999
795037
514001
901799
590950
552622
265875
72592
925656
480967
423624
833003
614728
894917
134059
326742
254729
710938
253854
268225
622534
353145
511438
548148
6819
359397
627595
1184982
1227187
667707
489012
934485
306703
107638
529533
834632
489251
812291
964538
119165
699386
1175303
463871
721912
448070
898547
1220447
436571
923064
473232
776508
47456
990835
558210
628562
717188
992199
281545
289602
1181700
360605
998635
1171949
392601
1207195
1060679
61261
303641
645597
348931
320961
299182
839182
113108
182627
94235
222937
571946
888303
1219654
242082
656219
221484
359873
156261
724606
745981
1000498
935704
169157
1060397
741469
170126
231281
401106
321319
435018
393014
688651
1125132
21383
545214
743819
73216
854353
596931
999659
370214
705915
1136550
560507
135036
364508
1217186
1209991
517344
1179706
783085
180362
885267
78886
72739
547697
477370
1077594
226639
619245
150787
464432
1098094
322156
1016627
597576
693482
969175
103741
878252
1045262
898003
833481
980600
1145691
711752
249937
173592
1194753
162087
223277
360612
1090390
1147074
1112209
1077089
563296
1027785
403417
144247
1140948
632238
254006
29594
229926
506165
393829
1028619
977932
796493
156796
275827
1098602
571392
660527
1002625
1051658
902718
562410
528257
657668
1124951
148298
1050756
488564
527730
124198
983808
1134672
247084
1160346
992677
51444
749709
698261
982475
461145
695290
779680
1187788
999457
83144
803696
95785
607127
812970
742261
356562
1150065
654613
1033710
312326
998593
568312
338658
892984
219347
63471
64271
166137
601495
1015123
1169241
588919
469735
836249
437184
330640
644661
680958
595482
942534
697379
198296
224831
957679
799932
957264
806746
134092
1024192
110154
1079136
571778
389964
821388
236777
926512
282648
511574
815233
609436
247138
532211
521189
174799
679892
851119
122171
717639
404962
282692
604798
294297
44067
516253
200668
1128265
1064338
131593
1137380
613660
174245
383022
41564
108964
277477
747656
773245
364793
1189696
883541
170851
1192094
242129
137823
299287
637915
768390
9699
272114
818313
63597
1130352
62853
1030346
336324
723853
1206006
278014
398099
934402
348337
224221
600366
377687
435774
337780
585120
1146351
1116929
365434
597063
863351
447268
1164892
1045245
817289
1115911
487092
182642
645726
170281
39521
925778
1082148
53530
75689
137841
286217
442161
409939
341897
645700
1040690
966789
366033
1103726
715911
755527
484989
1040078
1022338
503008
980814
1034684
976586
725973
1052575
298705
54891
782771
294690
1015684
673796
166238
639873
32782
927267
445958
80303
1063859
1167353
47206
816397
872687
1203289
1092640
360802
1032215
180497
363320
426775
1205477
418992
553677
264660
307042
474381
759944
448904
1080315
1125837
239454
771564
121760
100715
1036303
1033347
314483
198690
1075606
653053
579021
979843
689430
215203
303960
979702
387166
1200987
395279
222157
403949
953605
435313
1018676
438245
948501
1056126
324665
836043
758730
1067081
148995
1139097
906827
1080677
1086799
283265
1228872
1055184
987601
647418
662588
60056
591796
970502
938448
135370
836402
601412
1096708
1063233
15806
423710
612665
893289
1160139
495814
252764
4014
874900
59628
961457
551203
194051
629904
1230390
988645
1061485
963013
586000
1071508
88703
130428
726733
468424
480299
299239
261252
877047
905214
936053
144683
857851
1142103
286611
144671
1223451
1215714
184639
972566
1149823
11496
705587
956188
1028937
1083290
1066319
1017404
752883
20862
233164
395617
229064
390936
829900
82094
177958
1220337
1015064
663243
205342
1034978
187293
275140
117102
570496
1184704
1111875
149502
1040899
371894
626545
62263
304876
625334
1188975
346884
884360
150186
587029
409471
1004600
119521
810606
642575
603016
1119231
994445
339538
531537
19944
293738
961109
489759
885960
29462
251958
808427
921090
1099479
828571
892705
1146338
469434
202512
355513
493400
1011391
93495
820545
96708
243948
838604
967687
493453
492956
1031402
756460
310648
27807
258601
372021
39196
586207
60168
488735
683665
439045
968528
424808
1079490
164452
327657
892983
112707
68828
470247
536615
1079989
977030
849194
385184
281883
704279
833865
734171
1081068
1154118
175327
1147987
862210
582036
1102378
560960
112707
1074134
55217
1108064
426472
687997
309398
792206
502832
379232
939407
890000
916463
905777
343527
1154953
430889
548949
248329
1161701
18674
112295
531770
485567
246142
423032
549468
920459
884467
998092
519726
939113
1099346
639820
405227
524894
473238
588382
611644
856956
596842
390523
131356
481689
273184
547499
924133
674248
438005
807744
615398
550231
318773
752795
593159
1211630
1204269
726803
472829
972970
1202819
85686
633622
641582
184945
235165
359775
908101
222527
360839
958508
871009
1173022
619828
1168599
451250
854881
411894
785607
508104
592306
1108497
585858
614505
1018858
970357
188916
124775
732337
921598
554496
748773
527436
238939
322916
1050191
1110281
265778
134360
840555
542718
428869
987274
591855
189643
341225
65791
706549
1117627
998662
1119059
1095087
664653
605607
1163049
543209
856296
1189995
1212413
542631
991565
952801
20358
408099
1140683
1048511
853118
638489
211274
277919
239360
1026312
491912
379540
990019
1155273
68085
686799
729039
800049
611823
1164085
435382
776899
1033077
449576
1172300
332397
642966
1183264
470687
190248
1164095
384950
673213
307739
1133603
203877
896766
740021
965610
894475
877454
330866
248819
746819
687009
225006
1196495
757660
1193272
1224692
574152
146528
370819
881314
968578
1047662
755984
20212
740578
699886
998237
21789
455332
533708
189069
77938
480157
978955
624253
462751
338741
570510
1194898
1026390
1192531
193575
60717
1201435
938908
639202
6780
876289
994439
1130306
607032
1156658
839795
953314
840663
385304
1052125
417477
587966
664727
656137
82647
89603
133726
248168
1155364
38671
84867
864756
856204
147367
103052
899455
975267
193089
22140
720926
599101
1200449
397043
499299
421798
593869
624182
1172780
98987
362916
1125859
1048522
1070857
683511
1142748
682446
69476
973585
1202469
817830
216405
979285
875364
983508
972253
6133
54054
442599
620503
1093885
759353
1098905
1199160
216827
124201
338984
745245
1152026
1161741
1057963
744543
185333
338654
1037430
700596
1116581
642189
841480
1029675
426381
1009662
639996
1025995
357476
705544
922033
1104659
433365
380712
311955
899993
866796
114121
934547
505514
647359
612923
612128
1149550
490230
85803
1183648
177057
144858
77539
1129338
444818
1008910
436682
34270
1156108
484930
893171
849656
229124
543226
811251
629963
294803
365776
590184
779381
1029185
540616
35725
930992
105595
1135213
241194
431229
962875
1175197
377277
772815
60959
1160252
1220133
1171167
935327
507090
814537
968778
1091199
956094
653093
824926
813706
546203
1050884
341738
578986
784186
124687
486541
39207
177511
1096269
15141
966034
1165377
869384
1180170
644743
1042297
1193940
650012
192356
465554
180640
518007
953707
430745
516193
830298
633818
131105
1003194
1008345
359106
215591
507404
315356
152439
1148115
565524
323382
933611
196391
1164901
186116
701492
418536
84994
257488
46270
208095
82130
884492
154218
185799
838707
1190425
500132
150323
1046047
374547
400036
1151857
1081464
365399
729578
956784
1142675
364417
398469
538883
211057
103182
897542
1198125
476791
1030128
810043
568919
771278
1093971
1023763
1062660
359521
783485
382531
642206
1095787
1026261
78297
530937
115697
26275
485019
1033822
991625
425469
1197002
1142425
771856
289423
662974
502417
90513
740096
142993
56076
673916
561820
491844
1162084
952155
300779
930739
813129
225006
928828
418352
283680
909187
466522
976609
513833
90535
130092
439433
782264
110940
195126
325816
236865
68518
488295
1205938
1077212
75833
651006
97630
421345
906707
1086266
141469
1059338
606582
193829
350242
395918
560454
529701
863160
385231
409457
525255
652582
1069738
1138417
986468
881075
75296
51584
66239
1060378
327139
79505
454658
366383
1102345
148935
591412
823691
455584
1022759
978010
683562
802790
436961
152383
425115
175101
946947
716991
36531
1201
712866
735570
362075
401937
192260
667225
362641
81021
1001709
651714
1210496
575411
987960
648709
1229497
805459
748390
1048308
47076
431152
24168
676969
586718
84711
804137
291154
171334
96101
1152834
999106
803580
1166171
945018
848523
777187
574877
864228
1205044
608451
799010
65219
985650
1024308
518417
877717
243828
989762
394272
442340
340204
294144
1040246
355012
398805
119449
502957
762010
716143
342462
258260
364255
1141664
677540
874172
821570
957441
384257
350654
427004
598693
97107
1165640
347694
743470
26305
650774
327951
1215125
1143938
476568
1051353
559623
935464
113261
445589
549114
955499
218245
1026828
879629
439254
707277
507207
797651
621003
161626
521531
1051616
382512
55096
463398
971412
653296
286646
610423
241438
1016866
1010192
1050089
1021117
520091
347042
1016878
262163
707225
29357
865401
747417
258588
222162
796272
920641
1163363
141356
308716
872043
970580
392095
332328
881145
117698
954365
619306
214484
393962
233020
119189
918961
563978
897940
1218774
439915
859441
482879
440425
1054016
194157
1226823
1073051
647590
115412
589732
469490
73765
1174445
1004900
305019
558590
845020
277912
92925
236772
926658
720400
887693
444601
526131
1036984
476285
325959
887294
1173990
126452
1187697
579362
280877
671695
562140
572963
694960
980029
331156
1078797
623435
1054844
674950
499284
814735
896298
677624
676051
1022016
575143
404807
638529
1140133
1160283
436962
19832
110695
916695
666242
953552
168791
1069117
431680
78172
1107802
860835
1014632
400822
505297
30140
654792
984922
948189
329169
241422
1112858
501316
255873
976526
581434
881713
1189255
418726
448009
921842
399478
712727
1074951
495851
1102401
416143
1004446
305991
171478
202112
531983
548347
222337
841400
335303
702612
617076
890238
1013521
554225
337432
526391
334106
718520
423453
786545
935912
1169087
445944
382443
72807
405042
1087350
884926
938911
469079
672852
82875
237548
1030760
904904
976485
812912
1035095
436992
1147739
103156
525080
853582
1109798
1058128
1049012
227636
1202545
913966
575504
1002669
509616
907984
511111
814850
788327
169422
949377
1068950
1152180
363705
1178605
967259
664846
334890
915835
1084955
605876
354770
1060559