0.816382 13.8534
13.0599 0.0683451
9.90212 12.1822
11.393 17.6651
7.42572 12.2426
16.7462 2.83101
17.4208 7.32445
16.8663 10.377
3.85138 7.32504
7.07457 0.205321
18.5842 14.1278
14.8133 16.0305
5.72554 19.1716
6.58155 5.82808
2.74459 15.8796
8.07043 10.774
19.4229 0.966154
19.0575 12.9762
18.2393 12.3751
2.55664 16.2287
13.7963 11.1856
9.525 7.11785
8.73628 17.3939
9.779 4.07548
2.13576 19.7901
15.7527 4.80122
13.3904 12.2821
18.1315 14.0764
2.31703 14.515
16.4746 2.09697
18.9489 15.6117
0.556662 11.2974
11.8658 13.0487
19.4458 12.5853
9.17466 9.34283
0.64424 8.15369
5.01047 13.7109
11.1932 9.3336
7.4683 4.0193
18.1149 8.09822
0.813451 15.4312
12.3121 6.33676
6.15438 9.06005
13.1977 6.19136
17.0431 19.3065
16.7571 12.9584
0.579675 15.7086
17.2991 15.7576
14.333 3.28409
11.2787 11.6481
12.5377 0.954968
12.098 16.2499
11.8494 6.87089
1.39671 14.2867
0.207069 8.64969
18.2847 3.92162
6.38489 18.8699
6.61393 3.2267
18.6662 3.74514
18.9561 15.9853
5.37931 15.447
4.56172 9.86028
13.1764 6.43261
18.8398 10.762
1.87787 4.3873
3.06764 19.3883
0.28201 11.8406
12.9207 12.2829
0.716753 8.9876
0.452317 13.5938
8.71893 17.6535
0.245075 4.44414
6.84054 2.64409
11.9638 3.41298
18.6287 9.63576
19.2097 15.0454
0.416147 4.09035
1.75658 13.5793
12.9699 4.05183
13.463 17.9161
17.6908 3.328
11.6895 16.5234
13.2566 7.40829
11.6756 4.19959
18.9524 12.3642
9.97941 9.02385
9.13831 11.3143
15.2756 7.55633
10.7678 1.02186
18.5288 2.29984
7.60865 16.5055
19.6086 11.1338
12.627 9.55786
6.36516 16.1835
10.9225 7.68313
11.1807 17.8117
12.3488 13.1578
15.0282 18.783
1.66958 4.67604
14.2441 18.6161
8.3306 13.8264
6.57123 10.0392
7.25105 13.7283
3.3498 8.86482
2.25253 9.57052
19.0914 1.81569
9.39844 9.25557
9.99622 6.85357
5.75452 9.96388
15.2466 11.6823
5.34572 0.0782676
18.7529 5.07752
6.37883 18.459
16.0852 15.1196
18.5609 0.329907
8.24915 11.0848
1.11243 16.2107
11.0558 1.48132
0.0945903 1.90038
5.9752 10.6429
19.8396 1.30023
10.798 16.1065
9.65752 18.384
3.07309 15.5445
13.7882 7.15918
1.50807 0.56532
16.2844 1.79493
5.44003 3.31615
14.0459 16.6663
10.8515 12.7988
6.6346 6.22838
12.422 15.5676
18.9102 11.7859
19.6623 16.5519
2.83195 0.489819
17.2486 13.4969
11.1535 15.6386
14.2812 13.371
10.528 4.14125
3.92885 12.7032
0.901637 12.6189
7.02509 17.0087
15.9022 11.6521
7.20276 9.62645
18.5662 5.74394
2.14811 5.51972
19.4366 7.12357
1.0568 14.938
1.461 6.84317
0.181777 5.42636
15.1355 1.43731
10.4384 2.52073
15.231 7.24918
11.8345 7.8735
0.423832 14.5335
11.1914 8.88403
3.53757 9.38421
17.6943 8.01978
2.05723 12.6372
15.0543 5.77535
11.9746 4.48607
3.65532 14.8673
8.91298 3.43577
16.4237 12.25
7.72383 3.12779
2.98434 18.201
0.0530337 14.2004
11.4192 4.37322
19.4104 8.56059
18.4624 14.9409
10.2786 8.19322
2.27317 11.0888
13.9673 0.992834
1.80137 19.0067
18.7216 13.9507
7.92597 3.45991
10.4953 11.7996
19.7553 19.5017
17.0321 2.0205
17.5737 6.31349
5.10206 15.3737
12.3234 16.6613
7.196 13.9845
2.485 2.50812
13.9617 12.6915
6.22009 19.6071
18.6503 10.5141
19.7565 12.1984
9.60058 11.8614
5.13209 7.18442
18.6887 6.52215
17.5296 2.25066
15.6278 11.8861
18.5257 4.30327
10.3901 9.52046
18.6509 7.93073
11.2687 8.59848
10.954 1.07494
18.9622 1.7067
12.9105 12.2738
6.80528 17.9558
9.44768 18.6004
2.22385 7.08928
14.1022 7.887
4.73694 12.4421
1.40044 13.3599
14.4525 12.6704
15.408 7.83419
17.3632 0.607671
13.321 1.42036
1.74892 7.10288
19.8623 10.2838
12.516 12.6902
1.58271 17.1989
10.105 6.66798
9.57211 6.83002
12.6412 11.3129
7.7826 7.17875
18.8169 9.24711
8.88645 4.48488
14.3375 9.67541
8.00765 17.2099
12.3109 12.2256
6.79427 6.57012
15.8048 5.84648
10.8546 17.2189
4.39891 18.796
10.148 3.51997
2.97689 3.65492
19.8761 10.5692
6.40189 0.0751536
13.2664 12.0282
7.59483 7.23566
14.778 12.053
4.16243 19.8051
19.9256 19.9539
8.68784 17.1952
17.9006 17.4225
2.2345 11.4106
9.31456 15.2607
8.18814 10.0274
6.10954 10.1799
15.8225 3.8104
0.109053 18.2143
2.87768 11.5724
7.06684 6.77196
6.53992 6.2249
0.0362404 17.1869
19.3176 3.36364
6.08158 2.40256
4.1417 14.8336
2.78146 9.40174
14.7338 13.6514
9.93086 0.278051
14.7814 9.56737
2.13432 11.4541
14.1326 2.10034
14.5368 18.1449
16.9894 13.3423
19.2827 10.3186
15.2599 8.51095
8.62377 15.2985
10.8585 13.0403
14.1306 14.7453
9.21339 4.10188
16.2187 9.19337
14.3409 14.1529
11.9677 5.92639
1.14244 10.3932
11.3121 12.5557
7.17343 11.9736
0.771686 0.11233
4.12254 16.3834
14.169 15.2382
19.3815 14.9857
0.832559 14.8275
3.64745 0.202336
0.0434627 2.58664
2.30521 12.0178
9.27414 10.191
11.5524 15.2303
2.75963 10.1482
13.7723 8.56739
5.86489 2.16585
17.8605 3.20323
18.8583 2.10783
6.80382 8.40134
2.25309 12.6533
19.0036 9.90072
6.01315 13.4918
0.43081 0.790936
18.6072 16.105
13.2956 5.8542
14.8036 1.4774
2.68825 17.6293
3.73793 12.2453
6.76348 14.3311
4.55464 12.1895
19.6986 2.65586
10.854 13.7802
19.9005 9.48499
2.36901 18.1399
8.40261 9.20654
4.42282 10.3916
14.7152 19.3063
17.0428 19.1943
14.6197 17.8361
13.9597 11.9445
17.2966 12.0208
2.90856 7.28994
18.7171 15.076
5.14883 19.1279
9.1532 17.0731
19.0914 4.08807
13.6341 14.18
1.49698 17.276
13.8388 8.19189
12.0024 3.84173
7.46193 1.40157
6.41786 4.87973
6.45756 3.65615
10.7552 0.745575
13.2799 17.2007
8.65978 6.66196
5.96546 11.1288
10.3817 14.0251
17.4164 14.2122
1.3846 10.9694
3.56698 12.8527
14.7432 5.77677
16.2871 13.9244
14.885 2.14706
8.2533 10.8767
13.434 11.0233
3.54385 11.193
3.02349 6.52767
11.3231 13.251
1.71008 7.01199
8.57038 8.49252
7.96304 19.0975
14.1766 18.2758
6.47166 4.51951
4.91877 3.03813
4.35015 10.467
19.0997 9.46558
5.98111 16.6719
17.8712 19.9562
15.924 17.4938
3.09743 6.56666
10.143 1.4118
19.6082 11.0906
7.6875 11.0854
0.250499 16.7129
9.0449 12.7525
19.3389 1.17625
5.73602 2.94485
8.48345 17.2076
9.66684 14.3377
2.05974 5.18151
0.877484 4.02623
4.01494 6.14107
7.74191 19.985
11.2669 18.0717
13.591 8.75205
4.34183 13.8295
4.51276 8.53598
14.7757 16.2063
2.08288 5.5239
4.94126 4.11576
15.4329 16.2196
12.0032 7.27721
2.75001 19.4828
17.0394 10.7673
10.502 14.8403
13.0636 19.9186
16.639 18.5324
10.2394 1.02242
14.7835 1.21724
6.71078 4.84021
7.92521 7.59353
1.34736 8.07395
9.74684 18.1014
7.78429 11.2111
13.2676 2.73864
5.15693 13.7461
14.3181 10.5645
16.8995 6.73546
10.7334 5.58818
11.5673 16.299
14.8298 13.4603
0.689756 1.35216
18.0268 14.6922
13.6956 4.38033
1.23314 1.30468
3.21319 5.55784
12.6439 14.7793
9.1562 19.0024
11.9265 3.55656
0.359523 8.81014
12.6062 10.4792
8.34972 9.23801
13.492 5.67793
5.16953 18.0499
4.41511 8.66248
11.9733 13.4707
1.63127 13.1759
3.36387 1.31784
6.43195 17.3526
14.8471 13.872
2.10749 10.1286
9.52065 6.29805
16.9776 1.16775
4.42367 17.9523
11.3577 1.16227
18.815 9.56746
5.28598 8.86474
18.5619 8.90525
16.3599 16.9738
0.501617 6.19311
2.6266 4.82057
1.02585 6.73424
17.3799 4.13348
15.9712 2.69288
11.8386 15.7007
15.9193 2.67583
11.0591 17.9014
11.7845 16.395
2.73868 13.5541
12.8469 19.0227
16.1112 14.8902
12.1748 0.501717
11.5896 6.93632
2.64024 8.4625
3.29019 11.4693
13.1557 3.59706
7.84937 10.1202
3.7799 10.9122
14.3802 19.4041
7.76357 4.86068
18.5641 7.47937
4.66604 9.03689
12.067 4.55339
10.0695 11.2562
5.57204 16.2279
19.9697 3.33688
7.10885 9.22981
13.9428 11.4076
17.2409 2.04609
15.3007 5.89418
9.18894 12.9421
7.27168 11.664
3.10519 7.66587
1.65708 18.782
10.8217 3.82116
19.6719 3.85398
17.3495 16.7044
1.63639 4.27372
0.941461 5.2191
10.7753 11.5945
11.5926 9.08013
10.464 2.71666
12.5313 15.1294
19.8337 1.95248
16.2645 3.62593
8.86738 2.06776
5.22265 18.6997
6.05452 3.45054
16.3311 1.31087
16.3505 7.52862
4.75105 3.33563
0.102195 2.88278
14.2603 2.26187
5.26015 16.8278
4.76869 5.81222
14.906 4.33585
16.4297 5.35888
13.654 5.15903
8.67559 6.65731
17.3102 1.2245
5.68377 13.4292
1.56393 5.94252
5.5721 19.153
13.2195 13.5057
18.1561 12.1967
5.80574 3.76176
10.526 10.8113
14.641 3.02722
2.54026 15.2409
19.6215 16.5979
5.63232 7.22472
13.8381 14.7284
13.2963 10.4659
13.7033 17.6189
11.4947 6.97475
19.6828 0.921452
9.65656 5.12558
1.89665 5.70615
9.76533 9.90979
2.81767 12.6527
2.16896 8.44118
5.71142 18.4401
7.94941 14.913
15.8911 10.8033
16.8929 15.0266
14.5108 6.89374
10.3609 2.4581
17.5626 1.30652
11.5234 9.47852
17.8288 3.95477
1.84257 5.26316
15.6124 3.3356
2.64623 6.30978
2.26979 17.0452
16.8421 15.1964
15.5791 5.71694
0.737905 13.2371
11.8079 5.72514
17.1578 19.0294
14.755 11.8388
9.61237 8.53391
15.3947 13.4982
12.224 17.7457
0.312884 11.5284
19.5069 5.75591
18.3474 4.17689
6.46529 7.67942
9.4747 13.5906
6.25108 6.8798
6.51015 1.48668
8.23886 3.13869
19.6946 13.1747
15.65 2.74337
11.3415 17.7635
4.73027 12.7571
13.8817 15.4944
11.1942 2.59979
3.71671 14.8652
5.50318 7.82294
11.7059 15.0432
13.9001 14.4846
6.52672 13.8103
0.503018 16.4135
17.1757 19.9055
5.72004 2.59643
17.1423 8.32368
9.57114 0.509546
7.02313 3.04492
14.7503 4.01881
18.9872 13.7089
4.72048 9.95664
19.3813 11.9488
14.3912 10.4469
16.9132 6.3678
9.03296 2.5697
4.50919 3.63156
16.5316 10.7583
8.37869 19.1282
2.31963 5.77225
16.3031 7.94264
4.32606 15.996
8.84929 15.5504
0.214044 1.28618
4.08129 16.2195
2.0229 12.2321
9.93297 4.46553
15.2892 6.69069
9.96936 4.18194
14.2628 16.4606
19.9021 13.0703
6.58434 15.5636
10.1488 3.78659
4.67199 17.9923
2.71404 3.43963
18.6069 11.7952
17.3877 14.033
14.3763 11.5593
15.8944 19.4482
18.6742 3.08771
14.7233 9.24428
2.85807 14.4667
9.05823 6.01412
11.9172 4.60497
14.4409 6.20951
14.8421 4.91747
4.80418 14.8048
11.384 3.37969
9.1243 0.0822274
16.364 11.4225
17.9027 15.2775
18.0477 11.723
17.9864 8.32062
8.01354 19.4519
8.95141 11.9796
16.3155 6.8309
7.01897 10.2921
8.13857 16.5232
4.70442 5.55603
1.85462 8.76971
11.7527 8.64191
11.5167 6.03663
19.9864 6.18112
14.415 8.13218
12.5128 11.8024
7.8782 3.07532
16.9746 9.99404
14.246 12.9641
4.65016 12.5533
11.3603 16.0198
3.08535 14.53
12.3591 1.36488
11.9744 18.0765
19.1842 9.86132
17.7873 15.2769
15.6086 2.66411
19.6885 15.8611
8.50512 10.1923
13.7376 1.41701
12.036 17.9926
15.619 10.3894
19.7867 3.82982
12.3105 14.7317
17.1718 17.4269
3.54013 7.23403
17.2362 9.72085
14.2643 8.16249
17.3001 10.4796
17.5803 16.7517
2.69852 1.63966
8.10983 19.3417
16.3769 2.53356
8.74532 4.66395
13.9898 10.041
17.2217 1.45695
9.3316 4.16931
4.27988 18.1768
1.96319 2.69452
4.12222 8.5796
14.0827 4.81027
18.6992 3.2906
18.1221 0.976241
16.6489 9.03747
1.51354 4.85663
19.9027 10.9503
13.0563 0.290392
1.19549 10.6755
12.3968 0.378858
15.0048 4.2071
15.5583 4.33637
18.6407 1.06165
13.1715 17.8191
8.85561 16.049
5.56429 4.65569
0.512251 11.06
10.5252 4.50185
14.1372 12.0836
9.57846 18.151
15.085 18.6833
14.8598 3.54309
12.5502 7.3727
19.8146 9.04124
15.3899 2.91376
14.7451 0.687243
7.60968 0.594937
17.9144 12.3238
14.8617 19.8585
0.157425 6.93635
13.7134 1.85416
13.83 4.41553
19.1296 6.31442
12.4236 11.3499
2.28473 0.866092
10.1291 5.59623
3.12097 10.4279
4.83454 0.236607
9.32776 16.2498
4.37054 12.8447
3.97109 10.6901
7.07423 16.0707
12.971 19.6356
6.06483 15.1345
4.32411 7.72114
11.5724 7.54792
8.06717 14.5071
14.385 15.3808
6.7146 1.94879
12.0976 8.44217
0.0981236 0.295714
6.79209 18.2751
14.8933 5.92876
19.4695 11.2914
3.55623 14.0653
18.3284 19.9875
8.041 1.78917
3.04001 8.66718
13.1454 3.31847
6.34636 11.982
16.6334 13.8289
12.8292 17.0263
12.8473 17.1149
3.65223 0.677744
7.1089 4.19287
2.28186 3.51263
9.30632 6.85656
19.5104 17.3778
10.4215 10.7126
19.367 7.73258
15.9485 7.41731
16.3517 13.1932
18.0861 13.1391
6.36915 8.40824
13.2496 13.049
13.2343 18.3477
3.88262 14.6495
19.5236 6.68743
6.85356 11.8004
0.343577 3.79337
3.31993 14.2821
12.1205 0.707891
1.17272 1.52664
15.1128 2.5069
5.59234 14.1742
10.6601 10.5396
11.3854 2.95329
17.8025 9.88969
15.4816 7.8741
17.8876 7.28466
10.0308 3.187
18.9374 2.51036
15.211 17.0755
10.7294 9.3387
13.2365 0.469953
13.1867 13.9363
17.8794 7.28186
13.6751 5.50373
6.43734 0.079126
5.00859 5.50335
4.74466 14.677
18.7468 6.55521
17.681 8.07505
0.369978 4.2056
7.67922 12.9549
8.35158 18.1693
13.4454 1.37137
11.4344 15.4459
1.29892 12.3284
16.6981 5.48151
3.07452 11.3946
4.79499 10.9461
10.1316 3.41153
9.13085 0.839377
5.94591 1.24431
9.88295 14.7369
9.32238 6.58019
13.408 2.16837
10.582 0.989174
3.92637 7.29862
6.26969 5.06018
11.4814 9.52566
0.496764 9.31002
13.5982 2.11404
0.184669 4.02654
10.689 4.49299
3.83865 15.9453
7.21192 9.03958
7.06492 6.58705
18.4895 17.1504
15.9234 10.7431
11.3784 11.2134
8.58979 4.72957
0.0638636 16.388
8.07472 8.27358
19.8178 3.26932
14.6201 3.8028
4.66488 4.17431
2.40903 17.6299
0.172426 2.07856
19.1772 3.51868
9.28684 8.4643
16.1372 9.72298
9.84261 0.169503
5.79928 17.3167
14.4332 14.2451
13.7736 14.7599
12.9113 19.4299
13.6518 10.4327
2.68054 0.626899
15.0926 5.4404
4.10373 10.7068
7.7773 4.24464
12.3529 5.84759
11.6166 12.4169
4.70698 5.53678
16.0734 19.5885
12.017 10.2014
6.17357 10.788
16.4235 9.96147
6.11382 16.274
9.6134 15.9093
10.9778 1.97946
10.2961 16.0168
16.7648 12.2377
15.2748 1.33711
16.113 17.3213
7.59599 14.1782
15.1595 11.8924
6.97916 4.68633
1.8212 12.5459
11.4382 10.7434
9.58049 13.9321
17.4258 2.69633
19.336 12.0033
2.46231 14.0021
7.21668 13.3326
18.3574 8.66421
14.6839 12.8438
19.763 5.25575
13.5781 6.95889
12.4609 0.857069
0.0202641 8.32502
2.05106 4.7248
2.15817 0.768498
8.89851 18.0279
0.0757393 15.5787
8.25786 18.0812
10.3449 18.2585
13.0656 9.62191
3.69998 6.84171
6.22599 9.44407
3.03477 13.4687
19.4408 8.04099
2.34032 7.95723
14.4558 6.84846
18.7179 14.3334
10.0103 11.995
16.605 13.2861
19.2274 0.338605
6.74626 1.46937
5.3507 3.40207
16.4011 3.1022
17.9287 5.3607
2.15319 7.28255
16.9966 1.21313
17.9872 18.4373
4.30289 4.33633
0.717402 13.2762
5.26662 10.9452
13.1634 1.89332
19.8147 6.62835
3.61818 2.00237
16.703 11.1472
4.60298 2.88319
5.8182 8.43933
2.31554 0.0169103
17.4894 3.56889
3.09501 10.3261
15.843 10.4261
14.7013 6.14821
2.29262 13.8209
2.96719 15.288
16.1496 8.65813
1.59707 12.6871
4.60238 4.92764
8.17954 8.20346
5.27301 6.55685
4.32898 16.6248
6.20714 13.3077
13.0158 6.54371
3.40707 19.449
11.4149 12.146
0.620177 2.96227
2.64491 4.4217
7.16431 17.8062
7.48417 14.9086
2.73465 4.8652
13.9428 16.4763
6.83122 6.82987
15.0957 2.48334
8.98801 12.9034
14.2443 9.90186
0.777589 3.04035
6.07767 19.7575
6.1689 16.7003
17.1715 12.5338
2.20549 18.5619
1.28177 8.22255
9.069 3.98704
8.09941 11.8452
6.09556 10.7153
10.1434 15.6834
12.8145 19.1248
6.36616 10.2059
2.79743 8.86958
6.30548 8.1891
7.99371 12.7383
19.3559 4.84436
8.62083 16.7272
15.2595 3.2742
10.8159 18.5333
15.7168 9.89291
17.6581 2.25439
13.1129 11.1136
18.3561 14.0873
6.40519 14.2255
19.2154 4.64186
0.0443834 1.38797
13.4253 13.0387
13.8656 14.5286
6.02282 13.2545
0.185855 3.9165
10.0566 5.60067
8.89404 11.1624
8.92924 12.1209
5.26542 12.2135
9.93192 16.8122
11.3307 12.1863
14.4369 18.8743
4.61462 13.3865
2.02538 10.1662
13.1327 11.1664
4.0372 12.8925
11.325 3.43009
7.31274 3.7993
1.93824 7.84833
19.146 4.4134
1.48589 1.88486
13.0552 15.0182
13.1012 13.702
12.3916 2.88057
4.45713 16.1362
11.8466 2.20594
13.0943 17.5963
17.3518 8.9054
12.6663 6.923
12.0264 12.8883
17.1012 12.4723
9.37697 16.2489
10.2598 6.42681
6.29163 2.50477
16.0169 1.79505
13.3946 8.36593
12.235 11.057
7.64026 14.8615
2.37965 10.7125
5.54644 19.6999
14.6416 1.49808
1.21885 12.9901
4.60875 17.5181
12.7067 7.22415
9.81342 2.51528
6.50962 0.14683
15.4941 13.12
0.837294 16.7677
16.3594 19.3563
16.8566 3.98296
18.4515 12.2442
8.81964 12.3916
11.4502 17.8287
3.82219 13.489
10.6258 15.6213
13.772 9.07628
12.8936 7.28629
12.7511 2.17586
16.3298 19.934
2.9731 3.54377
17.3019 16.5019
6.61889 14.2877
13.2875 0.462252
4.30582 18.6662
17.4213 10.9114
4.93966 13.7176
15.6643 13.5218
12.594 14.5222
16.2161 10.046
15.2855 1.91707
4.07487 16.2203
16.1607 15.0136
17.6193 5.23395
13.4663 10.5431
2.96464 11.4432
19.9504 1.36591
15.2656 2.21277
12.4497 3.30679
0.413634 9.18926
15.1079 15.4379
11.6925 7.76435
12.6392 18.3243
16.5733 18.6381
14.9893 12.3057
13.4743 1.38855
17.1859 15.6027
16.7528 6.03391
19.1653 5.04378
8.23394 17.2051
8.68795 8.46205
9.49722 14.4127
6.7714 13.569
14.5737 16.5308
0.109129 9.12578
10.6684 16.5443
16.6946 2.68388